
> Task :run
true
Parse time: 82763
7979
12697
21312
20283
34332
30638
30753
66810
40901
35521
39824
38039
39691
45183
52034
55823
50555
50463
72768
70447
76895
35570
10100
9254
10135
10426
11448
13960
12739
12401
12231
13581
14793
8268
8416
14499
8803
16918
16024
15371
15960
24973
17458
16703
17053
17543
16405
16516
16935
16189
17345
20132
18202
18169
18068
17787
18548
18890
19617
25147
19164
22250
21531
20292
21279
23708
22042
24114
21379
22216
23817
25429
22503
23259
29652
35395
31600
28307
34779
18779
28938
24728
25631
26423
306011
29833
31808
31482
34999
36073
23012
34785
27245
28275
34507
39046
23208
33354
28306
30337
28622
29078
29958
28416
30357
31364
40555
44854
38930
44340
39847
37950
33526
37426
34200
35760
32352
40555
42597
45730
47390
43273
45842
55727
53365
52434
53220
54661
54730
55562
47142
47842
47705
40321
49513
50508
55493
49452
54530
37828
41557
36689
38183
38556
37140
38949
38932
41141
39814
35884
42131
42270
38622
40285
40814
42624
41372
40386
42126
51587
53085
47742
54662
70822
68158
64692
68916
69468
67627
67634
72833
74509
69203
70079
62891
70569
72249
72233
72687
77974
69922
75246
68276
71413
74782
77290
76043
80966
55825
76987
79780
77537
80062
64155
61190
66755
75834
75944
81455
78052
79536
63614
54435
64123
51182
74409
61148
53587
51654
54349
54388
57886
54490
55430
55281
55859
57030
56195
56126
60738
56074
57199
56649
57585
56940
57790
57222
61723
56743
58934
57957
58890
58300
60195
58884
64021
59699
61327
78990
85226
89174
94317
92327
93714
88600
96965
96467
77829
91225
86348
75378
100540
101034
106207
40920
16085
16233
16038
15965
16158
15604
15924
16193
16367
16518
16592
16508
16562
16558
16916
17063
16633
16770
17041
16915
16926
17054
16568
17194
17137
17318
17355
16701
17231
15330
14544
12230
12417
12461
12330
12404
12377
12526
12453
12532
16868
17120
18178
18051
20239
18249
18676
18681
18530
13195
13001
13154
13062
13269
13181
13188
13369
13378
13287
13452
13487
13374
13630
19971
19512
20661
20649
21806
21416
21926
21766
22203
22785
22220
17230
21195
21875
20225
20620
21427
22779
22078
21752
23195
21840
21770
20724
20848
21688
21223
22764
23455
23490
23721
22131
21775
21710
22644
21796
22951
23939
23545
24303
23640
22770
22208
22553
23157
22126
21972
22519
23267
22910
20901
24403
23079
24507
25668
24533
22669
24505
24269
21245
23156
22546
22512
24103
24045
25231
24156
25696
26204
26475
26490
23617
26077
22050
21624
22103
22220
23270
21393
23322
21177
21864
24384
23658
23030
25107
23565
25292
25547
26137
27268
26009
27460
27963
27739
28105
27206
28415
25103
27343
24999
22327
23535
23949
23490
24654
24839
24674
25528
26875
28242
26070
28030
28862
29320
30000
30225
26112
28158
26452
26226
28077
26309
29170
28220
28505
29258
29202
28411
27804
28635
29520
28385
26593
19243
19034
19239
19021
19211
19174
19168
19288
28218
19632
19667
19522
19533
19531
19872
20018
19656
19899
20885
19920
19861
20107
20013
19820
19972
20045
29171
29381
26846
20428
20436
20370
20598
20455
20401
20396
20724
20375
20498
20553
20719
20791
20748
20807
21157
26345
27667
28381
26995
28900
36283
28623
28294
30480
26800
21502
28150
21489
21952
21601
22079
21743
21480
21700
21706
21737
21910
21764
21737
21851
21813
21952
21965
21983
21956
24892
22134
22451
22382
27481
28312
31431
28285
23032
22430
22554
22692
22660
22646
22687
22726
22876
22998
23074
22980
22835
23047
23477
23150
23028
23184
23208
23130
23321
23663
23335
23612
23229
23318
23498
23463
23467
23536
23598
24294
23619
23708
23736
31548
33201
33487
34892
36300
47354
38311
36059
35448
28748
24431
26634
24270
24166
24466
24817
24824
24771
24739
24595
24945
24919
25012
24872
24773
24800
24786
24865
24982
25035
25075
25218
25022
25197
25164
25229
25252
25289
25254
41104
23534
23579
23480
23396
23443
23586
23600
23479
23610
23582
23677
23770
23738
23879
24074
23935
23890
23865
24135
24126
24100
24163
24101
24240
24409
26063
28284
25056
24912
25461
25091
24948
24817
27130
28769
24791
25106
24677
24909
24742
31230
29467
25353
25661
25782
25354
25251
25245
25141
25379
25969
25698
25936
25519
25540
25705
25924
25769
26391
25862
26237
25738
25847
25828
26156
25724
25883
25893
36217
33338
35726
30045
26100
27963
33205
30132
31662
30339
36050
26972
38759
34021
40860
48435
41345
41420
40185
41517
39935
42477
41672
41535
41672
41703
41892
42228
41845
41759
41949
42151
41817
42308
42161
42176
47411
42494
40630
42956
42867
42666
42263
36624
36202
33996
33132
33621
33197
33523
33112
33090
33495
33802
33310
48132
30883
35417
34025
31674
30612
31659
31120
30950
31231
31768
31433
31745
31991
31388
31399
31634
32120
31538
32252
31456
31806
31483
32226
36704
31901
32392
30980
32542
31862
32579
32087
32041
32298
31261
32804
32098
32797
32269
31778
32919
59786
49662
31486
32314
36716
31632
32792
35113
32664
32861
32680
32785
32700
32670
33157
32746
33239
32880
32906
33216
32272
33181
33473
33767
33171
36407
33268
33487
33114
32940
33580
33160
33387
33869
33333
56921
36613
41372
59563
42968
31260
31183
31061
31465
31269
31330
31121
36505
32616
32658
32579
32640
32983
32744
32874
32865
32900
32991
33114
33231
32989
33271
45112
41005
33377
33385
33239
33476
37632
33372
33399
33415
33521
33433
33609
33494
33559
33866
33739
44122
41721
39024
39591
40083
39479
49582
40346
42158
34469
38823
34310
37649
34743
34420
34436
34419
44300
51223
51895
51982
51307
51232
52226
52049
51906
52393
52157
51862
52157
46558
35144
41533
47674
48968
50619
50824
53059
53676
51266
66940
55317
54530
122583
54199
74633
71022
58188
51424
48385
52875
51232
53024
60230
54202
52911
54088
53779
54759
55160
60860
57638
57084
56413
66165
61085
60950
61820
59036
54177
59295
58093
56148
63919
68741
61762
55659
51449
49762
56478
52097
61252
62823
59976
59010
57350
58031
58154
59384
60785
60984
59879
62058
62056
65738
77069
62899
54242
57040
55104
54072
55125
60032
60151
58672
58909
56344
56640
57119
77702
62778
60487
61058
59787
57494
55422
57626
65388
470515
61040
60462
62168
65047
62077
62373
62086
61635
50235
49767
49915
51360
51749
81661
51054
49183
50414
50807
50705
56649
51323
75973
50445
50680
71081
66580
64758
67440

BUILD SUCCESSFUL in 0s
2 actionable tasks: 1 executed, 1 up-to-date
